Running with parameters: 
  k = 5
  id = 0.85
  max_rejects = 8
  depth = 0

Reading sequences...
Time: 0.10853 sec.
Seqs/sec: 92140.7

Sorting by increasing sequence length...
Clustering 10000 sequences...
Time: 0.388727 sec.
Throughput: 25725 seqs/sec.

Clusters: 1810
Max size: 326
Avg size: 5.52486
Min size: 1
Max mem:  8 MB

Average levenshtein distance: 0.9661690000000007
Min levenshtein distance    : 0.933661

0.968878 0.961507 0.97543 0.974611 0.966421 0.964783 0.962326 0.953317 0.957412 0.953317 0.958231 0.960688 0.961507 0.959869 0.962326 0.963145 0.976249 0.977887 0.966421 0.970516 0.98362 0.969697 0.971335 0.941851 0.965602 0.970516 0.97543 0.971335 0.96724 0.978706 0.971335 0.971335 0.971335 0.964783 0.978706 0.972154 0.96724 0.972154 0.971335 0.971335 0.971335 0.972973 0.971335 0.971335 0.963964 0.971335 0.971335 0.978706 0.972154 0.96724 0.966421 0.971335 0.971335 0.970516 0.966421 0.96724 0.962326 0.969697 0.972973 0.966421 0.971335 0.972973 0.972973 0.96724 0.964783 0.972973 0.972973 0.972973 0.969697 0.972973 0.970516 0.968878 0.962326 0.968878 0.968878 0.969697 0.962326 0.963964 0.97543 0.966421 0.963145 0.950041 0.963145 0.963964 0.963964 0.963964 0.955774 0.976249 0.954136 0.963964 0.963964 0.963145 0.974611 0.971335 0.972154 0.970516 0.970516 0.971335 0.972154 0.972973 0.977068 0.95905 0.977887 0.973792 0.972973 0.972154 0.96724 0.962326 0.972154 0.966421 0.981982 0.97543 0.953317 0.970516 0.961507 0.977887 0.97543 0.971335 0.966421 0.969697 0.974611 0.955774 0.953317 0.952498 0.974611 0.953317 0.973792 0.953317 0.953317 0.95905 0.972973 0.968878 0.972973 0.973792 0.951679 0.95905 0.973792 0.979525 0.968059 0.969697 0.965602 0.971335 0.968878 0.971335 0.963145 0.95905 0.954955 0.963964 0.961507 0.981163 0.958231 0.979525 0.964783 0.959869 0.974611 0.963964 0.964783 0.964783 0.962326 0.962326 0.976249 0.962326 0.962326 0.940213 0.962326 0.969697 0.963964 0.970516 0.963964 0.984439 0.964783 0.968059 0.963145 0.966421 0.960688 0.958231 0.958231 0.968878 0.962326 0.952498 0.962326 0.965602 0.962326 0.957412 0.963145 0.973792 0.933661 0.966421 0.959869 0.966421 0.962326 0.970516 0.968059 0.968878 0.960688 0.976249 0.970516 0.970516 0.973792 0.972973 0.96724 0.966421 0.965602 0.972973 0.969697 0.977887 0.977068 0.970516 0.971335 0.961507 0.961507 0.972154 0.977068 0.972973 0.969697 0.964783 0.986077 0.966421 0.96724 0.968059 0.96724 0.96724 0.966421 0.954136 0.97543 0.972154 0.96724 0.965602 0.964783 0.95905 0.97543 0.96724 0.96724 0.965602 0.953317 0.964783 0.964783 0.965602 0.959869 0.960688 0.963964 0.958231 0.964783 0.958231 0.958231 0.956593 0.960688 0.960688 0.964783 0.963145 0.974611 0.963964 0.963964 0.96724 0.957412 0.965602 0.959869 0.972154 0.963145 0.951679 0.95905 0.964783 0.954136 0.959869 0.963964 0.956593 0.96724 0.953317 0.972154 0.960688 0.962326 0.963964 0.963964 0.963964 0.966421 0.961507 0.963145 0.964783 0.96724 0.962326 0.963145 0.958231 0.963964 0.96724 0.96724 0.963145 0.95905 0.973792 0.960688 0.957412 0.962326 0.972973 0.973792 0.973792 0.944308 0.945946 0.945946 0.961507 0.961507 0.962326 0.957412 0.969697 0.968878 0.964783 0.968878 0.969697 0.968878 0.968878 0.968878 0.969697 0.969697 0.969697 0.969697 0.969697 0.969697 0.963145 0.963145 0.966421 0.963145 0.970516 0.966421 0.963145 0.963145 0.963145 0.94267 
