Running with parameters: 
  k = 6
  id = 0.85
  max_rejects = 8
  depth = 0

Reading sequences...
Time: 0.116118 sec.
Seqs/sec: 86119

Sorting by increasing sequence length...
Clustering 10000 sequences...
Time: 0.515466 sec.
Throughput: 19399.9 seqs/sec.

Clusters: 2229
Max size: 248
Avg size: 4.48632
Min size: 1
Max mem:  8 MB

Average levenshtein distance: 0.9637936194331975
Min levenshtein distance    : 0.882031

0.923438 0.93125 0.940625 0.951562 0.941406 0.899219 0.984375 0.996875 0.946094 0.996875 0.949219 0.900781 0.932813 0.925781 0.952344 0.946875 0.967969 0.951562 0.965625 0.957031 0.896875 0.970313 0.964844 0.976562 0.959375 0.990625 0.98125 0.964844 0.974219 0.965625 0.966406 0.975 0.966406 0.967969 0.967969 0.967187 0.885938 0.895312 0.882031 0.892188 0.900781 0.896094 0.9 0.889844 0.883594 0.907813 0.883594 0.886719 0.897656 0.907031 0.892188 0.9 0.967969 0.957031 0.975 0.9625 0.978906 0.967187 0.982812 0.967187 0.982812 0.978906 0.967969 0.953906 0.958594 0.967187 0.965625 0.967187 0.948438 0.967969 0.985156 0.983594 0.982031 0.958594 0.967969 0.964844 0.98125 0.972656 0.967969 0.965625 0.967187 0.954688 0.964063 0.957031 0.973437 0.96875 0.964844 0.96875 0.970313 0.970313 0.96875 0.978906 0.982031 0.970313 0.970313 0.975 0.970313 0.986719 0.970313 0.973437 0.971875 0.965625 0.967187 0.953906 0.975 0.96875 0.953125 0.959375 0.9875 0.975 0.975781 0.970313 0.961719 0.982812 0.951562 0.953906 0.982031 0.954688 0.98125 0.982812 0.984375 0.982812 0.965625 0.976562 0.957031 0.957031 0.982031 0.98125 0.996094 0.98125 0.982031 0.967187 0.980469 0.978906 0.980469 0.996875 0.996094 0.980469 0.98125 0.955469 0.98125 0.972656 0.978125 0.95625 0.982031 0.967969 0.967187 0.946875 0.973437 0.980469 0.953906 0.972656 0.953906 0.963281 0.953906 0.95625 0.984375 0.957031 0.965625 0.986719 0.964063 0.966406 0.953906 0.971875 0.98125 0.978906 0.959375 0.973437 0.973437 0.973437 0.973437 0.966406 0.99375 0.992188 0.967187 0.985938 0.957812 0.991406 0.990625 0.966406 0.990625 0.984375 0.953906 0.953906 0.953125 0.953906 0.953906 0.954688 0.957812 0.982812 0.949219 0.984375 0.98125 0.990625 0.970313 0.965625 0.964063 0.972656 0.967969 0.975781 0.982031 0.973437 0.964063 0.953906 0.957031 0.982812 0.986719 0.985938 0.986719 0.986719 0.982812 0.954688 0.96875 0.952344 0.952344 0.952344 0.971094 0.969531 0.965625 0.98125 0.985938 0.971094 0.967187 0.969531 0.98125 0.957031 0.973437 0.985938 0.954688 0.964063 0.980469 0.982031 0.98125 0.966406 0.966406 0.967969 0.972656 0.972656 0.972656 0.969531 0.970313 0.969531 0.973437 0.971094 0.969531 0.973437 0.973437 